blue:
  hmax: 124
  hmin: 90
  smax: 255
  smin: 224
  vmax: 111
  vmin: 67
green:
  hmax: 85
  hmin: 50
  smax: 255
  smin: 200
  vmax: 150
  vmin: 72
white:
  hmax: 115
  hmin: 70
  smax: 50
  smin: 0
  vmax: 150
  vmin: 90
yellow:
  hmax: 50
  hmin: 20
  smax: 255
  smin: 147
  vmax: 178
  vmin: 86
orange:
  hmax: 16
  hmin: 0
  smax: 255
  smin: 200
  vmax: 195
  vmin: 144
image:
  ROI_height: 480
  ROI_wdith: 640
  ROI_x: 0
  ROI_y: 0
  reg_x:
  - -0.0006621064632114358
  - 0.5132114355871262
  reg_y:
  - -0.000669988552959397
  - 0.25727560433640845
red:
  hmax: 10
  hmin: 0
  smax: 255
  smin: 210
  vmax: 107
  vmin: 50
